5.026369036643959731e+01
5.026369036643959731e+01
5.011338911581697175e+01
5.011338911581697175e+01
-7.360763658044561453e+01
-7.360763658044561453e+01
-7.360763658044561453e+01
-7.277881752493452439e+01
5.109551880350392850e+01
5.109551880350392850e+01
5.102651764256208367e+01
5.102651764256208367e+01
-7.720685580652863678e+01
-7.720685580652863678e+01
-7.720685580652863678e+01
-7.510590016520079359e+01
5.008614097096329942e+01
5.008614097096329942e+01
5.086254700153529029e+01
5.086254700153529029e+01
-8.242031830460832964e+01
-8.242031830460832964e+01
-8.242031830460832964e+01
-8.109868905862775534e+01
5.008862790965515188e+01
5.008862790965515188e+01
5.040291656620661342e+01
5.040291656620661342e+01
-8.785379302667710988e+01
-8.841980779562858572e+01
-8.841980779562858572e+01
-8.610049622387487034e+01
5.086206750806780974e+01
5.086206750806780974e+01
5.019203110487455888e+01
5.019203110487455888e+01
-8.541854380479934150e+01
-8.541858008179519857e+01
-8.541858008179519857e+01
-8.541858008179519857e+01
5.035658502558289484e+01
5.035658502558289484e+01
5.024650982841092173e+01
5.024650982841092173e+01
-8.051592880103574146e+01
-8.051592880103574146e+01
-8.051592880103574146e+01
-8.051592880103574146e+01
5.079564015867961047e+01
5.079564015867961047e+01
5.089382594279788918e+01
5.089382594279788918e+01
-7.768143187720576748e+01
-7.768143187720576748e+01
-7.768143187720576748e+01
-7.768143187720576748e+01
5.062756830044792622e+01
5.062756830044792622e+01
5.142467525033274001e+01
5.142467525033274001e+01
-7.513903289648638406e+01
-7.741230820045599614e+01
-7.741230820045599614e+01
-7.741230820045599614e+01
5.075869292370606445e+01
5.075869292370606445e+01
5.022856869545836389e+01
5.022856869545836389e+01
-7.631047013227041020e+01
-7.983640547693967449e+01
-7.983640547693967449e+01
-7.983640547693967449e+01
5.011025904098889328e+01
5.011025904098889328e+01
5.064399876808906242e+01
5.064399876808906242e+01
-8.433937666651316079e+01
-8.433937666651316079e+01
-8.433937666651316079e+01
-8.433937666651316079e+01
5.046184449359951429e+01
5.046184449359951429e+01
5.090522006759044871e+01
5.090522006759044871e+01
-8.949850137186747645e+01
-8.949850137186747645e+01
-8.949850137186747645e+01
-8.949850137186747645e+01
5.012482874339478656e+01
5.012482874339478656e+01
5.022782000047774886e+01
5.022782000047774886e+01
-8.281984889441456232e+01
-8.368916898916813807e+01
-8.368916898916813807e+01
-8.368916898916813807e+01
5.100646204130652706e+01
5.100646204130652706e+01
5.118795645488376067e+01
5.022046390225338541e+01
-7.775088396412310487e+01
-7.820947696623981926e+01
-7.820947696623981926e+01
-7.820947696623981926e+01
5.010468833996140603e+01
5.312858281285869566e+01
5.312858281285869566e+01
5.091556229052318372e+01
-7.435081956682724069e+01
-7.435276472178028939e+01
-7.435276472178028939e+01
-7.435276472178028939e+01
5.080954967545842038e+01
5.080954967545842038e+01
5.078914473364272908e+01
5.078914473364272908e+01
-7.253418400409547928e+01
-7.253418400409547928e+01
-7.253418400409547928e+01
-7.253418400409547928e+01
5.054765210346102577e+01
5.049590555996869057e+01
5.049590555996869057e+01
5.049590555996869057e+01
-7.322527613020767490e+01
-7.322527613020767490e+01
-7.322527613020767490e+01
-7.322527613020767490e+01
5.009138038668229598e+01
5.009138038668229598e+01
5.005898086654300982e+01
5.005898086654300982e+01
-7.646538432029082344e+01
-7.646538432029082344e+01
-7.646538432029082344e+01
-7.572637517685843989e+01
5.113919846635571531e+01
5.113919846635571531e+01
5.052629933157263054e+01
5.052629933157263054e+01
-8.146709244011680084e+01
-8.146709244011680084e+01
-8.146709244011680084e+01
-7.972255347597202046e+01
5.066962064163322310e+01
5.066962064163322310e+01
5.091814311374920976e+01
5.091814311374920976e+01
-8.740339619633633106e+01
-8.740582135088604332e+01
-8.740582135088604332e+01
-8.472228616894228992e+01
5.023649805334789420e+01
5.023649805334789420e+01
5.282649821834694137e+01
5.080251515431388043e+01
-8.638545553180786385e+01
-8.638545553180786385e+01
-8.638545553180786385e+01
-8.638545553180786385e+01
5.043069756075471588e+01
5.043069756075471588e+01
5.023448149509644622e+01
5.023448149509644622e+01
-8.121522609543187343e+01
-8.121522609543187343e+01
-8.121522609543187343e+01
-8.121522609543187343e+01
5.013943791918977411e+01
5.013943791918977411e+01
5.022620629364018896e+01
5.022620629364018896e+01
-7.695585036953924885e+01
-7.798878416257869617e+01
-7.798878416257869617e+01
-7.798878416257869617e+01
5.001456327012563463e+01
5.001456327012563463e+01
5.080653543771228442e+01
5.080653543771228442e+01
-7.348900471907705878e+01
-7.726343052171317538e+01
-7.726343052171317538e+01
-7.726343052171317538e+01
5.099971666086410238e+01
5.099971666086410238e+01
5.054946966234234651e+01
5.054946966234234651e+01
-7.465927074853023271e+01
-7.925953557635283175e+01
-7.925953557635283175e+01
-7.925953557635283175e+01
5.012477028793860256e+01
5.012477028793860256e+01
5.058977975814235606e+01
5.058977975814235606e+01
-7.680798824544778824e+01
-8.347442334142583320e+01
-8.347442334142583320e+01
-8.347442334142583320e+01
5.006517486080911539e+01
5.006517486080911539e+01
5.050283441620493363e+01
5.050283441620493363e+01
-8.897568683129800604e+01
-8.897568683129800604e+01
-8.897568683129800604e+01
-8.897568683129800604e+01
5.062922953297729833e+01
5.062922953297729833e+01
5.064244592833199476e+01
5.064244592833199476e+01
-8.369319643566400657e+01
-8.470752055855537321e+01
-8.470752055855537321e+01
-8.470752055855537321e+01
5.084062408000873745e+01
5.084062408000873745e+01
5.118934102850900558e+01
5.022528494987946601e+01
-7.903539774489284753e+01
-7.903539774489284753e+01
-7.903539774489284753e+01
-7.903539774489284753e+01
5.040255370312596028e+01
5.342273922801417996e+01
5.342273922801417996e+01
5.023755084761506851e+01
-7.480495590448657595e+01
-7.486519795140988265e+01
-7.486519795140988265e+01
-7.486519795140988265e+01
5.019556368136664304e+01
5.019556368136664304e+01
5.120631603301413293e+01
5.020121811740304452e+01
-7.267909903612259370e+01
-7.267909903612259370e+01
-7.267909903612259370e+01
-7.267909903612259370e+01
5.091477660094592750e+01
5.083960905316757817e+01
5.083960905316757817e+01
5.083960905316757817e+01
-7.291725789303939109e+01
-7.291725789303939109e+01
-7.291725789303939109e+01
-7.152933009091508154e+01
5.027839713287122692e+01
5.027839713287122692e+01
5.018164637500009917e+01
5.018164637500009917e+01
-7.577323068869488054e+01
-7.577323068869488054e+01
-7.577323068869488054e+01
-7.534326909408530071e+01
5.102317992239539990e+01
5.029688586414664542e+01
5.029688586414664542e+01
5.029688586414664542e+01
-8.053864656023361590e+01
-8.053864656023361590e+01
-8.053864656023361590e+01
-7.895205063729015649e+01
5.020304857461347581e+01
5.020304857461347581e+01
5.039474028393649974e+01
5.039474028393649974e+01
-8.638092279099751636e+01
-8.638092279099751636e+01
-8.638092279099751636e+01
-8.638092279099751636e+01
5.056738489419996085e+01
5.056738489419996085e+01
5.036672057862332963e+01
5.036672057862332963e+01
-8.736526147689095012e+01
-8.736526147689095012e+01
-8.736526147689095012e+01
-8.736526147689095012e+01
5.040009053455849397e+01
5.040009053455849397e+01
5.013779201456924284e+01
5.013779201456924284e+01
-8.197008106793565219e+01
-8.197008106793565219e+01
-8.197008106793565219e+01
-8.197008106793565219e+01
5.044852727017593708e+01
5.044852727017593708e+01
5.055063500689422540e+01
5.055063500689422540e+01
-7.764499881932825076e+01
-7.836739186071777397e+01
-7.836739186071777397e+01
-7.836739186071777397e+01
5.035226367679756265e+01
5.035226367679756265e+01
5.025893290817467118e+01
5.025893290817467118e+01
-7.450508385687460589e+01
-7.719457201496634013e+01
-7.719457201496634013e+01
-7.719457201496634013e+01
5.027984557494610129e+01
5.027984557494610129e+01
5.088590602608974223e+01
5.088590602608974223e+01
-7.499662316298960718e+01
-7.874734921024001721e+01
-7.874734921024001721e+01
-7.874734921024001721e+01
5.014291059891355218e+01
5.014291059891355218e+01
5.065590199294587137e+01
5.065590199294587137e+01
-7.723204246569505926e+01
-8.264736793215631394e+01
-8.264736793215631394e+01
-8.264736793215631394e+01
5.080265673390696435e+01
5.080265673390696435e+01
5.015433428581800968e+01
5.015433428581800968e+01
-8.212614812493288241e+01
-8.803442206992521335e+01
-8.803442206992521335e+01
-8.803442206992521335e+01
5.012822300507431095e+01
5.012822300507431095e+01
5.103262689975321109e+01
5.103262689975321109e+01
-8.507969087600329772e+01
-8.573440715393338962e+01
-8.573440715393338962e+01
-8.573440715393338962e+01
5.060729011996828319e+01
5.060729011996828319e+01
5.008718346321708736e+01
5.008718346321708736e+01
-7.990561506695101457e+01
-7.990561506695101457e+01
-7.990561506695101457e+01
-7.990561506695101457e+01
5.070679066584420269e+01
5.070679066584420269e+01
5.146947436844354229e+01
5.047985565503944372e+01
-7.537383746749971181e+01
-7.543525146221359989e+01
-7.543525146221359989e+01
-7.506631369931531594e+01
5.066451168352926260e+01
5.066451168352926260e+01
5.167306446731596026e+01
5.052036661136338580e+01
-7.289287656006978011e+01
-7.289287656006978011e+01
-7.289287656006978011e+01
-7.289287656006978011e+01
5.025943634691508777e+01
5.025943634691508777e+01
5.021046524521028687e+01
5.021046524521028687e+01
-7.268645927452031685e+01
-7.268645927452031685e+01
-7.268645927452031685e+01
-7.268645927452031685e+01
5.051332274128017730e+01
5.051332274128017730e+01
5.034470290349142374e+01
5.034470290349142374e+01
-7.513463776162893737e+01
-7.513463776162893737e+01
-7.513463776162893737e+01
-7.513463776162893737e+01
5.098401451486100200e+01
5.098401451486100200e+01
5.010915181389341910e+01
5.010915181389341910e+01
-7.964223538100911526e+01
-7.964223538100911526e+01
-7.964223538100911526e+01
-7.817623928130926458e+01
5.098811976402548396e+01
5.098811976402548396e+01
5.092571436479767044e+01
5.092571436479767044e+01
-8.535857913119599516e+01
-8.535857913119599516e+01
-8.535857913119599516e+01
-8.535857913119599516e+01
5.097327450881501676e+01
5.097327450881501676e+01
5.085412712103581612e+01
5.085412712103581612e+01
-8.835992676286404901e+01
-8.835992676286404901e+01
-8.835992676286404901e+01
-8.835992676286404901e+01
5.019237449219426139e+01
5.019237449219426139e+01
5.001610913698752370e+01
5.001610913698752370e+01
-8.205429321476171367e+01
-8.277718829329623418e+01
-8.277718829329623418e+01
-8.277718829329623418e+01
5.070911573205729184e+01
5.070911573205729184e+01
5.085064903869496789e+01
5.085064903869496789e+01
-7.857960939665467492e+01
-7.881487413039441492e+01
-7.881487413039441492e+01
-7.881487413039441492e+01
5.076514239828402708e+01
5.076514239828402708e+01
5.066956524428269404e+01
5.066956524428269404e+01
-7.545699247935780818e+01
-7.720365224027851525e+01
-7.720365224027851525e+01
-7.720365224027851525e+01
5.062471774340839659e+01
5.062471774340839659e+01
5.012851823150219843e+01
5.012851823150219843e+01
-7.349499483700175517e+01
-7.830020426177692627e+01
-7.830020426177692627e+01
-7.830020426177692627e+01
5.023420536102607770e+01
5.023420536102607770e+01
5.075653586526507866e+01
5.075653586526507866e+01
-8.186384909003544408e+01
-8.186384909003544408e+01
-8.186384909003544408e+01
-8.186384909003544408e+01
5.054961614230855105e+01
5.054961614230855105e+01
5.104084905707412645e+01
5.104084905707412645e+01
-8.707188829122280538e+01
-8.707188829122280538e+01
-8.707188829122280538e+01
-8.707188829122280538e+01
5.071861687615357539e+01
5.071861687615357539e+01
5.033792609797333739e+01
5.033792609797333739e+01
-8.676926105281745549e+01
-8.676926105281745549e+01
-8.676926105281745549e+01
-8.676926105281745549e+01
5.031378987479380527e+01
5.031378987479380527e+01
5.076445902889659578e+01
5.076445902889659578e+01
-8.081745220629615289e+01
-8.081745220629615289e+01
-8.081745220629615289e+01
-8.071786592159114093e+01
5.089258149383967833e+01
5.089258149383967833e+01
5.074818497203656875e+01
5.074818497203656875e+01
-7.606060657211787657e+01
-7.606060657211787657e+01
-7.606060657211787657e+01
-7.606060657211787657e+01
5.000790926145453597e+01
5.000790926145453597e+01
5.093350910524443975e+01
5.093350910524443975e+01
-7.317260329002650110e+01
-7.317260329002650110e+01
-7.317260329002650110e+01
-7.301453204476780456e+01
5.066380924855651102e+01
5.058455512394453990e+01
5.058455512394453990e+01
5.058455512394453990e+01
-7.253446620136016065e+01
-7.253446620136016065e+01
-7.253446620136016065e+01
-7.253446620136016065e+01
5.072836953994529097e+01
5.060274258505640432e+01
5.060274258505640432e+01
5.060274258505640432e+01
-7.455516021364142887e+01
-7.455516021364142887e+01
-7.455516021364142887e+01
-7.455516021364142887e+01
5.095313937939345550e+01
5.002467421788304591e+01
5.002467421788304591e+01
5.002467421788304591e+01
-7.877840933494948672e+01
-7.877840933494948672e+01
-7.877840933494948672e+01
-7.743232922473336544e+01
5.064416963545249217e+01
5.064416963545249217e+01
5.047887024441163817e+01
5.047887024441163817e+01
-8.434708238616903486e+01
-8.434708238616903486e+01
-8.434708238616903486e+01
-8.434708238616903486e+01
5.028313111444223438e+01
5.028313111444223438e+01
5.035013524814351626e+01
5.035013524814351626e+01
-8.927132954568331513e+01
-8.927132954568331513e+01
-8.927132954568331513e+01
-8.927132954568331513e+01
5.084128854306428735e+01
5.180949776691391406e+01
5.081045277386766656e+01
5.081045277386766656e+01
-8.363307395289025692e+01
-8.363307395289025692e+01
-8.363307395289025692e+01
-8.363307395289025692e+01
5.097190047920213374e+01
5.097190047920213374e+01
5.004387158369735289e+01
5.004387158369735289e+01
-7.932893979945819751e+01
-7.932893979945819751e+01
-7.932893979945819751e+01
-7.932893979945819751e+01
5.012522705679736390e+01
5.012522705679736390e+01
5.008797779591091626e+01
5.008797779591091626e+01
-7.595456456544359014e+01
-7.729099091023888946e+01
-7.729099091023888946e+01
-7.707881106631442947e+01
5.095810049403542763e+01
5.095810049403542763e+01
5.162903032349589694e+01
5.162903032349589694e+01
-7.387744856107785552e+01
-7.792524813904559267e+01
-7.792524813904559267e+01
-7.792524813904559267e+01
5.033750878009108476e+01
5.033750878009108476e+01
5.095229786207471534e+01
5.095229786207471534e+01
-8.112358856825781572e+01
-8.112358856825781572e+01
-8.112358856825781572e+01
-8.112358856825781572e+01
5.031536198787102876e+01
5.031536198787102876e+01
5.086794475165027052e+01
5.086794475165027052e+01
-8.611943188460561771e+01
-8.611943188460561771e+01
-8.611943188460561771e+01
-8.611943188460561771e+01
5.018659945947684520e+01
5.018659945947684520e+01
5.087286156316145025e+01
5.087286156316145025e+01
-8.779240447931682922e+01
-8.779240447931682922e+01
-8.779240447931682922e+01
-8.779240447931682922e+01
5.099038370147516730e+01
5.099038370147516730e+01
5.032910011980959553e+01
5.032910011980959553e+01
-8.176378449406213633e+01
-8.176378449406213633e+01
-8.176378449406213633e+01
-8.176378449406213633e+01
5.096372182413859520e+01
5.096372182413859520e+01
5.003323142440819993e+01
5.003323142440819993e+01
-7.673968266672012817e+01
-7.673968266672012817e+01
-7.673968266672012817e+01
-7.673968266672012817e+01
5.044737681519866612e+01
5.246310847754843820e+01
5.024478761602424015e+01
5.024478761602424015e+01
-7.351516424165549779e+01
-7.351516424165549779e+01
-7.351516424165549779e+01
-7.351516424165549779e+01
5.101979429747428441e+01
5.101961702881521887e+01
5.003148556511521861e+01
5.003148556511521861e+01
-7.246100635770960707e+01
-7.246100635770960707e+01
-7.246100635770960707e+01
-7.246100635770960707e+01
5.099156799439886356e+01
5.088362948294872012e+01
5.088362948294872012e+01
5.088362948294872012e+01
-7.403763625717182606e+01
-7.403763625717182606e+01
-7.403763625717182606e+01
-7.403763625717182606e+01
5.100331578235545749e+01
5.100331578235545749e+01
5.102590553699712927e+01
5.102590553699712927e+01
-7.795294517741668017e+01
-7.795294517741668017e+01
-7.795294517741668017e+01
-7.786163018224530674e+01
5.032753327052770942e+01
5.010669414747184192e+01
5.010669414747184192e+01
5.010669414747184192e+01
-8.334927140459411987e+01
-8.334927140459411987e+01
-8.334927140459411987e+01
-8.334927140459411987e+01
5.066656788361302688e+01
5.066656788361302688e+01
5.090399796942355692e+01
5.090399796942355692e+01
-8.928950458109527233e+01
-8.928950458109527233e+01
-8.928950458109527233e+01
-8.928950458109527233e+01
5.043089847646866986e+01
5.043089847646866986e+01
5.048673184234678502e+01
5.048673184234678502e+01
-8.453301877714625334e+01
-8.453301877714625334e+01
-8.453301877714625334e+01
-8.453301877714625334e+01
5.023387689197819839e+01
5.023387689197819839e+01
5.015499138918067956e+01
5.015499138918067956e+01
-7.990820943177938318e+01
-7.990820943177938318e+01
-7.990820943177938318e+01
-7.990820943177938318e+01
5.048911712074225733e+01
5.048911712074225733e+01
5.050091948550459620e+01
5.050091948550459620e+01
-7.745532836689649514e+01
-7.745532836689649514e+01
-7.745532836689649514e+01
-7.745532836689649514e+01
5.027192543524196822e+01
5.027192543524196822e+01
5.208579377638695007e+01
5.208579377638695007e+01
-7.762507565835531409e+01
-7.762507565835531409e+01
-7.762507565835531409e+01
-7.762507565835531409e+01
5.051348098808687581e+01
5.051348098808687581e+01
5.001824241682615479e+01
5.001824241682615479e+01
-8.043593789821777307e+01
-8.043593789821777307e+01
-8.043593789821777307e+01
-8.043593789821777307e+01
5.023321202792102724e+01
5.023321202792102724e+01
5.066298527940881513e+01
5.066298527940881513e+01
-8.519217116395478229e+01
-8.519217116395478229e+01
-8.519217116395478229e+01
-8.519217116395478229e+01
5.084309853122961442e+01
5.084309853122961442e+01
5.025255842661294992e+01
5.025255842661294992e+01
-8.878597940635114583e+01
-8.878597940635114583e+01
-8.878597940635114583e+01
-8.878597940635114583e+01
5.053656435697486415e+01
5.053656435697486415e+01
5.082655975435545770e+01
5.082655975435545770e+01
-8.274213095829743736e+01
-8.274213095829743736e+01
-8.274213095829743736e+01
-8.274213095829743736e+01
5.003029900484597192e+01
5.104175692904374273e+01
5.015554179171357418e+01
5.015554179171357418e+01
-7.747075835439892444e+01
-7.747075835439892444e+01
-7.747075835439892444e+01
-7.747075835439892444e+01
5.077531747726096967e+01
5.360120322388134184e+01
5.062579993139428325e+01
5.062579993139428325e+01
-7.391804958438133610e+01
-7.391804958438133610e+01
-7.391804958438133610e+01
-7.391804958438133610e+01
5.043757015741817895e+01
5.043757015741817895e+01
5.040021115663557794e+01
5.040021115663557794e+01
-7.246354425743132310e+01
-7.246354425743132310e+01
-7.246354425743132310e+01
-7.246354425743132310e+01
5.022587905844628153e+01
5.022587905844628153e+01
5.018251618435556338e+01
5.018251618435556338e+01
-7.358722173144025192e+01
-7.358722173144025192e+01
-7.358722173144025192e+01
-7.358722173144025192e+01
5.105336452793522284e+01
5.002727962622284963e+01
5.002727962622284963e+01
5.002727962622284963e+01
-7.716807355435857119e+01
-7.716807355435857119e+01
-7.716807355435857119e+01
-7.708599841852456791e+01
5.010804328011447950e+01
5.010804328011447950e+01
5.081653139931881924e+01
5.081653139931881924e+01
-8.237262644573344517e+01
-8.237262644573344517e+01
-8.237262644573344517e+01
-8.237262644573344517e+01
5.009449618336367394e+01
5.009449618336367394e+01
5.034032929284109059e+01
5.034032929284109059e+01
-8.837304722250651423e+01
-8.837304722250651423e+01
-8.837304722250651423e+01
-8.837304722250651423e+01
5.087555709834991546e+01
5.087555709834991546e+01
5.012538525818706603e+01
5.012538525818706603e+01
-8.546889309932250001e+01
-8.546889309932250001e+01
-8.546889309932250001e+01
-8.546889309932250001e+01
5.036978901992095103e+01
5.036978901992095103e+01
5.023998749439462586e+01
5.023998749439462586e+01
-8.027620563406036069e+01
-8.055000867189514224e+01
-8.055000867189514224e+01
-8.026306551434396397e+01
5.078114744378184042e+01
5.078114744378184042e+01
5.094582073964679125e+01
5.094582073964679125e+01
-7.769351910024462882e+01
-7.769351910024462882e+01
-7.769351910024462882e+01
-7.769351910024462882e+01
5.062533409983514332e+01
5.062533409983514332e+01
5.041177697300977911e+01
5.041177697300977911e+01
-7.560917877131255693e+01
-7.719209046396052543e+01
-7.719209046396052543e+01
-7.719209046396052543e+01
5.075561625397453014e+01
5.075561625397453014e+01
5.026131456000786102e+01
5.026131456000786102e+01
-7.429151975411443232e+01
-7.980237775478468620e+01
-7.980237775478468620e+01
-7.980237775478468620e+01
5.009916127358902571e+01
5.009916127358902571e+01
5.065165132621351063e+01
5.065165132621351063e+01
-8.429236810609806696e+01
-8.429236810609806696e+01
-8.429236810609806696e+01
-8.429236810609806696e+01
5.044108379133700026e+01
5.044108379133700026e+01
5.088099863682683122e+01
5.088099863682683122e+01
-8.136678939648534481e+01
-8.949179674306751053e+01
-8.949179674306751053e+01
-8.949179674306751053e+01
5.010258660642522699e+01
5.010258660642522699e+01
5.019042189212854055e+01
5.019042189212854055e+01
-8.329097307240292025e+01
-8.374307317221474989e+01
-8.374307317221474989e+01
-8.374307317221474989e+01
5.099526583384786704e+01
5.099526583384786704e+01
5.022817617493268472e+01
5.022817617493268472e+01
-7.801838567610111852e+01
-7.825208623297810107e+01
-7.825208623297810107e+01
-7.825208623297810107e+01
5.016969599550317582e+01
5.385935610799508311e+01
5.385935610799508311e+01
5.088688937990241357e+01
-7.437857544132197063e+01
-7.437857544132197063e+01
-7.437857544132197063e+01
-7.431945221467829299e+01
5.082020275340653370e+01
5.082020275340653370e+01
5.082259635798959607e+01
5.082259635798959607e+01
-7.254168898836080359e+01
-7.254168898836080359e+01
-7.254168898836080359e+01
-7.205184912367158745e+01
5.056763178973390893e+01
5.051455582045232973e+01
5.051455582045232973e+01
5.051455582045232973e+01
-7.320812992815227460e+01
-7.320812992815227460e+01
-7.320812992815227460e+01
-7.315082714981031131e+01
5.011302674386396916e+01
5.011302674386396916e+01
5.005361018640044790e+01
5.005361018640044790e+01
-7.642836417617392897e+01
-7.642836417617392897e+01
-7.642836417617392897e+01
-7.398153336324595841e+01
5.115300688729770684e+01
5.115300688729770684e+01
5.049293670059418560e+01
5.049293670059418560e+01
-8.141747171725413068e+01
-8.141747171725413068e+01
-8.141747171725413068e+01
-8.141747171725413068e+01
5.066839468275675529e+01
5.066839468275675529e+01
5.086509013387785672e+01
5.086509013387785672e+01
-8.735268190975162383e+01
-8.735268190975162383e+01
-8.735268190975162383e+01
-8.735268190975162383e+01
5.023450322566346671e+01
5.023450322566346671e+01
5.074365366173779535e+01
5.074365366173779535e+01
-8.643228599848298188e+01
-8.643228599848298188e+01
-8.643228599848298188e+01
-8.643228599848298188e+01
5.042675301873147475e+01
5.042675301873147475e+01
5.023613858727927095e+01
5.023613858727927095e+01
-8.125002585401830402e+01
-8.125271228873040741e+01
-8.125271228873040741e+01
-8.125271228873040741e+01
5.011570568985415264e+01
5.011570568985415264e+01
5.028622308360087345e+01
5.028622308360087345e+01
-7.731015015767540888e+01
-7.800599516625420904e+01
-7.800599516625420904e+01
-7.800599516625420904e+01
5.000594987831608762e+01
5.000594987831608762e+01
5.086173175108550026e+01
5.086173175108550026e+01
-7.401621422953745366e+01
-7.725653078142289587e+01
-7.725653078142289587e+01
-7.725653078142289587e+01
5.099184817997185348e+01
5.099184817997185348e+01
5.059258407367209998e+01
5.059258407367209998e+01
-7.466290475892428447e+01
-7.922912888021726019e+01
-7.922912888021726019e+01
-7.922912888021726019e+01
5.010925040989450707e+01
5.010925040989450707e+01
5.060922584238457489e+01
5.060922584238457489e+01
-8.342755556496005909e+01
-8.342755556496005909e+01
-8.342755556496005909e+01
-8.342755556496005909e+01
5.003904631075383946e+01
5.003904631075383946e+01
5.048949034748136455e+01
5.048949034748136455e+01
-8.893202698422251729e+01
-8.893202698422251729e+01
-8.893202698422251729e+01
-8.893202698422251729e+01
5.059967629314562032e+01
5.059967629314562032e+01
5.060798887471733565e+01
5.060798887471733565e+01
-8.167667517935905153e+01
-8.476441578102654262e+01
-8.476441578102654262e+01
-8.476441578102654262e+01
5.082077132510139705e+01
5.082077132510139705e+01
5.022980453687787872e+01
5.022980453687787872e+01
-7.908278905318232432e+01
-7.908278905318232432e+01
-7.908278905318232432e+01
-7.908278905318232432e+01
5.045983073829795273e+01
5.417255716848606539e+01
5.021439787276622724e+01
5.021439787276622724e+01
-7.489656018176458474e+01
