1.784414517000597016e+02
1.784414517000597016e+02
1.784414517000597016e+02
1.784414517000597016e+02
9.043121323508179543e+00
5.913686429129361954e+01
6.312524381998529321e+01
6.312524381998529321e+01
1.729652023245143369e+02
1.798878632035661553e+02
1.798878632035661553e+02
1.798878632035661553e+02
-1.386061433066081428e+01
3.773041969071925195e+01
3.773041969071925195e+01
3.988619156478276295e+01
1.531665497614006313e+02
1.784805656470516055e+02
1.784805656470516055e+02
1.784805656470516055e+02
-4.826809055340863353e+01
2.153222653416461085e+01
2.153222653416461085e+01
2.182222128229924607e+01
1.241452731968798133e+02
1.722927628522945440e+02
1.779799027742515136e+02
1.779799027742515136e+02
-1.203915885528155769e+02
8.904993772293455123e+00
8.904993772293455123e+00
8.904993772293455123e+00
5.712016973400304209e+01
1.678903658859986194e+02
1.763258188765436216e+02
1.763258188765436216e+02
1.696351483911297180e+02
1.696351483911297180e+02
1.683443875928247735e+02
1.667934631384600834e+02
-7.942578462764094738e+00
1.515063896449519518e+02
1.525531787347619002e+02
1.525531787347619002e+02
1.405355210389567446e+02
1.405355210389567446e+02
1.195997121884216483e+02
7.116024048911059197e+01
-4.923470521122629862e+01
1.655996371853399580e+02
1.655996371853399580e+02
1.655996371853399580e+02
1.131688116593028468e+02
1.131688116593028468e+02
1.088105431720982210e+02
1.054538116484431498e+02
-7.603785865827029511e+01
1.712875964905404089e+02
1.712875964905404089e+02
1.712875964905404089e+02
8.894341702073600686e+01
8.338887160283957201e+01
8.338887160283957201e+01
8.027446995504324434e+01
1.660774129453892556e+02
1.660774129453892556e+02
1.660774129453892556e+02
1.660774129453892556e+02
6.444649943917974610e+01
5.947715056885802909e+01
5.782218516122867413e+01
5.782218516122867413e+01
1.763464673315373261e+02
1.763464673315373261e+02
1.763464673315373261e+02
1.763464673315373261e+02
4.147900606752670427e+01
4.147900606752670427e+01
3.978222249518386633e+01
3.767986296645383959e+01
1.755231430340589043e+02
1.755231430340589043e+02
1.755231430340589043e+02
1.755231430340589043e+02
4.027158062099796609e+01
4.027158062099796609e+01
4.027158062099796609e+01
4.027158062099796609e+01
1.765809797934194023e+02
1.765809797934194023e+02
1.765809797934194023e+02
2.899522920681662796e+01
6.353438228616381167e+01
1.735865035702185537e+02
1.735865035702185537e+02
1.735865035702185537e+02
1.799240699530234338e+02
1.799240699530234338e+02
1.799240699530234338e+02
-1.410729335487951630e+01
5.278743760671085283e+01
1.443600388406032380e+02
1.443600388406032380e+02
1.443600388406032380e+02
1.792725784509455309e+02
1.792725784509455309e+02
1.792725784509455309e+02
-4.546552015536406088e+01
4.396115008580838435e+01
1.151029411007429957e+02
1.151029411007429957e+02
1.165181831673672548e+02
1.772773112933776645e+02
1.772773112933776645e+02
1.772773112933776645e+02
1.772773112933776645e+02
3.356626944235300414e+01
8.823556976657931727e+01
9.195544535153480581e+01
9.195544535153480581e+01
1.745094625583302275e+02
1.745094625583302275e+02
1.745094625583302275e+02
1.745094625583302275e+02
9.752007880606608836e+00
6.253507025921783224e+01
6.743435821444361977e+01
6.743435821444361977e+01
1.761706556903816363e+02
1.761706556903816363e+02
1.761706556903816363e+02
1.761706556903816363e+02
-1.108793365073922210e+01
4.084646574961001875e+01
4.084646574961001875e+01
4.334353161474960814e+01
1.567837568346703279e+02
1.765136582446486102e+02
1.765136582446486102e+02
1.765136582446486102e+02
-4.478461226742926016e+01
2.413851984494384340e+01
2.453080314345103474e+01
2.453080314345103474e+01
1.361751447471185372e+02
1.784395339747559319e+02
1.784395339747559319e+02
1.784395339747559319e+02
-8.256689209148763098e+01
1.052752884990666615e+01
1.052752884990666615e+01
1.052752884990666615e+01
6.420247318079336196e+01
1.742918009301063194e+02
1.799616199608017837e+02
1.799616199608017837e+02
1.746930581519805514e+02
1.746930581519805514e+02
1.733603188200621048e+02
1.708643747641516768e+02
3.699270217252786708e+00
1.546882130884063145e+02
1.565383767887954036e+02
1.565383767887954036e+02
1.450928818466870780e+02
1.450928818466870780e+02
1.445743933919905544e+02
1.372327791236673136e+02
-4.424475987755096185e+01
1.770804854716870409e+02
1.770804854716870409e+02
1.770804854716870409e+02
1.177916315990425744e+02
1.150526862516191358e+02
1.127698685730324968e+02
1.093702259860207704e+02
-7.162553606340810575e+01
1.738239737388499009e+02
1.738239737388499009e+02
1.738239737388499009e+02
9.338749836568280216e+01
8.618518631114487505e+01
7.104232870601634886e+01
5.730942915169039509e+01
1.696629127540692821e+02
1.696629127540692821e+02
1.696629127540692821e+02
1.696629127540692821e+02
6.862530024660317451e+01
6.262659809037914727e+01
6.262659809037914727e+01
6.013835368366387968e+01
1.787649393048123159e+02
1.787649393048123159e+02
1.787649393048123159e+02
1.787649393048123159e+02
4.511973386898613825e+01
4.242835404293327173e+01
4.120419303072732475e+01
3.969320088259115664e+01
1.771999625289323888e+02
1.771999625289323888e+02
1.771999625289323888e+02
1.771999625289323888e+02
2.705520585369079001e+01
2.705520585369079001e+01
2.705520585369079001e+01
2.705456923018137516e+01
1.684683615335185891e+02
1.684683615335185891e+02
1.684683615335185891e+02
8.945216140942042671e+01
6.299547678835072873e+01
1.785808814664598856e+02
1.785808814664598856e+02
1.785808814664598856e+02
-1.517517540869980621e+02
-1.423189108548789861e+01
-8.507804845550419159e+00
-8.507804845550419159e+00
7.515621983888577518e+01
1.493514939525863099e+02
1.493514939525863099e+02
1.493514939525863099e+02
1.790579574038420105e+02
1.790579574038420105e+02
1.790579574038420105e+02
-4.035222492118253967e+01
4.418976350005343079e+01
1.190443766281090490e+02
1.190443766281090490e+02
1.211297412564164659e+02
1.755506151078591586e+02
1.755506151078591586e+02
1.755506151078591586e+02
-6.843722690638810491e+01
3.462419680469255923e+01
9.191478272799952265e+01
9.191478272799952265e+01
9.643510326173293379e+01
1.781307198572285415e+02
1.781307198572285415e+02
1.781307198572285415e+02
-9.313146053928647916e+01
1.347790034986673646e+01
6.661969104985664103e+01
6.661969104985664103e+01
7.177699717779582045e+01
1.794619442842294177e+02
1.794619442842294177e+02
1.794619442842294177e+02
1.794619442842294177e+02
-1.170460155332821728e+01
4.367400665973080010e+01
4.367400665973080010e+01
4.733331935731475681e+01
1.600469210631492842e+02
1.796597752774522974e+02
1.796597752774522974e+02
1.796597752774522974e+02
-4.147737871958427291e+01
2.673730678229821578e+01
2.728578626227257686e+01
2.728578626227257686e+01
1.397858109624312135e+02
1.785266143178918128e+02
1.785266143178918128e+02
1.785266143178918128e+02
-2.206649197626981262e+01
1.246828826792335221e+01
1.246828826792335221e+01
1.246828826792335221e+01
7.864268565362169738e+01
1.611332938780003303e+02
1.795576956758627318e+02
1.795576956758627318e+02
1.796791555773540097e+02
1.796791555773540097e+02
1.786634012503257338e+02
1.764348816377588207e+02
2.105498914411658973e+01
1.538487190664279183e+02
1.605342879172170569e+02
1.605342879172170569e+02
1.501795881669573305e+02
1.492099627211585187e+02
1.492099627211585187e+02
1.444187736651332159e+02
-3.930449552576862970e+01
1.710928283205356024e+02
1.710928283205356024e+02
1.710928283205356024e+02
1.218457371309320507e+02
1.191219419914559410e+02
1.046968713028075229e+02
9.153066885155821808e+01
-6.736664979795750696e+01
1.768370145943977434e+02
1.768370145943977434e+02
1.768370145943977434e+02
9.721864661325990653e+01
9.219945254761024955e+01
7.785072637499129655e+01
1.782949433004139195e+01
-9.168099076403882464e+01
1.729899407404996055e+02
1.729899407404996055e+02
1.729899407404996055e+02
7.285063139260540765e+01
6.576130154013053186e+01
6.576130154013053186e+01
2.564140824825221987e+00
1.677809071781136367e+02
1.677809071781136367e+02
1.677809071781136367e+02
1.677809071781136367e+02
4.870309514712339904e+01
4.637426770826221656e+01
4.505917080950905529e+01
4.353023564090791808e+01
1.790884118484310648e+02
1.790884118484310648e+02
1.790884118484310648e+02
1.659509350050068974e+02
2.920797110244271266e+01
2.920797110244271266e+01
2.915352476927799685e+01
2.872603289076996802e+01
-1.518781811015444987e+02
1.774175859681966188e+02
1.774175859681966188e+02
7.243552217738873367e+01
6.968654871772301362e+01
1.798677526083287148e+02
1.798677526083287148e+02
1.798677526083287148e+02
-3.332953331510364325e+00
-2.877977193046752369e+00
-2.819858263963262335e+00
-2.819858263963262335e+00
1.400140812659507219e+02
1.445553580747028661e+02
1.539621615353809716e+02
1.539621615353809716e+02
1.793588456547848295e+02
1.793588456547848295e+02
1.793588456547848295e+02
-3.529427210433181017e+01
4.785644897742610482e+01
1.237931156772865222e+02
1.237931156772865222e+02
1.257935331984980962e+02
1.793184350317140741e+02
1.793184350317140741e+02
1.793184350317140741e+02
-6.406467274407862078e+01
3.550236355992466031e+01
9.557800323612299565e+01
9.874467509535864451e+01
1.001966778566397380e+02
1.750522111282273272e+02
1.750522111282273272e+02
1.750522111282273272e+02
1.750522111282273272e+02
1.453413114662477668e+01
7.014907585067419404e+01
7.014907585067419404e+01
7.624961458031683037e+01
1.757013514988503573e+02
1.757013514988503573e+02
1.757013514988503573e+02
1.757013514988503573e+02
-8.292904387026668545e+00
4.704478262762732754e+01
4.704478262762732754e+01
5.113630430596916909e+01
1.634338919909340575e+02
1.769923066547990231e+02
1.769923066547990231e+02
1.769923066547990231e+02
1.993442388604640669e+01
2.529019652941773089e+01
3.015203318717420089e+01
3.015203318717420089e+01
1.435275341919632694e+02
1.782268228623485982e+02
1.782268228623485982e+02
1.782268228623485982e+02
-5.677908995467139164e+01
1.459518917918576264e+01
1.461379123459933638e+01
1.461379123459933638e+01
1.794855846876415910e+02
1.794855846876415910e+02
1.794855846876415910e+02
1.794855846876415910e+02
1.799844094199564779e+02
1.799844094199564779e+02
1.799844094199564779e+02
1.799844094199564779e+02
3.157304580600136390e+01
1.612454863249473078e+02
1.645397841732388144e+02
1.645397841732388144e+02
1.552969138584029167e+02
1.539585418011248521e+02
1.539585418011248521e+02
1.463939194967034325e+02
1.605999058143784453e+02
1.605999058143784453e+02
1.605999058143784453e+02
1.605999058143784453e+02
1.266248392994900058e+02
1.253639273852361953e+02
1.225737538126306703e+02
1.166299772720139458e+02
-6.301281282870780842e+01
1.782878314926277028e+02
1.782878314926277028e+02
1.782878314926277028e+02
1.010477279810849467e+02
9.512063810250045037e+01
9.512063810250045037e+01
8.886751119343040273e+01
1.759732501265689280e+02
1.759732501265689280e+02
1.759732501265689280e+02
1.759732501265689280e+02
7.717730825177216047e+01
7.101743393289257256e+01
7.101743393289257256e+01
6.165725096886284007e+01
1.709542386767597577e+02
1.709542386767597577e+02
1.709542386767597577e+02
1.709542386767597577e+02
5.273414371417744206e+01
5.273414371417744206e+01
4.926624763962924902e+01
4.357656594444249976e+01
1.681898151392751117e+02
1.681898151392751117e+02
1.681898151392751117e+02
1.681898151392751117e+02
3.202634390886552040e+01
3.202634390886552040e+01
3.141653221319699796e+01
3.026209492056217698e+01
1.751973682433399802e+02
1.751973682433399802e+02
1.751973682433399802e+02
1.751973682433399802e+02
1.741015220605099785e+02
1.790107111214038298e+02
1.790107111214038298e+02
1.790107111214038298e+02
2.728559061677524600e+00
2.887672601443062259e+00
2.887672601443062259e+00
2.887672601443062259e+00
1.320512416200309644e+02
1.462234543581264461e+02
1.590169909090822387e+02
1.590169909090822387e+02
1.799007492619898869e+02
1.799007492619898869e+02
1.799007492619898869e+02
-3.010685897512809106e+01
9.051876555286168013e+01
1.221678436664083733e+02
1.286172853302716419e+02
1.299150054736080904e+02
1.777767042016200776e+02
1.777767042016200776e+02
1.777767042016200776e+02
1.777767042016200776e+02
3.944055064668145860e+01
1.000882933740752634e+02
1.032224264547754728e+02
1.046517554128721912e+02
1.787833195345036756e+02
1.787833195345036756e+02
1.787833195345036756e+02
1.787833195345036756e+02
5.821263239596515859e+01
6.324512632589048167e+01
8.008927039010592352e+01
8.008927039010592352e+01
1.787945737453888739e+02
1.787945737453888739e+02
1.787945737453888739e+02
1.787945737453888739e+02
-4.676388226168682216e+00
5.057953470328691736e+01
5.508708014383879714e+01
5.508708014383879714e+01
1.735387593958997172e+02
1.735387593958997172e+02
1.735387593958997172e+02
1.735387593958997172e+02
1.644744504720276268e+01
2.751137155901172804e+01
3.224406151769511553e+01
3.332645770055577827e+01
1.772832637924061032e+02
1.772832637924061032e+02
1.772832637924061032e+02
1.772832637924061032e+02
4.153602846780865221e+00
1.276879106052501456e+01
1.692234412816718603e+01
1.693094088848413037e+01
1.793504289687567450e+02
1.793504289687567450e+02
1.793504289687567450e+02
1.793504289687567450e+02
1.793533971470811821e+02
1.793533971470811821e+02
1.793533971470811821e+02
1.793533971470811821e+02
1.644794277516393208e+02
1.680277577398766198e+02
1.685165571890685214e+02
1.685165571890685214e+02
1.600124040373850107e+02
1.600124040373850107e+02
1.587767968905402540e+02
1.479825671886934231e+02
1.463244501249551206e+02
1.463244501249551206e+02
1.463244501249551206e+02
1.463244501249551206e+02
1.314419101020108656e+02
1.314419101020108656e+02
1.296110211561878600e+02
1.236483866891465908e+02
-5.829410939084658594e+01
1.798691075906609171e+02
1.798691075906609171e+02
1.798691075906609171e+02
1.055601884060761364e+02
1.020211522024419963e+02
7.612687442605441390e+01
1.321237948859136857e+01
1.794507769489295868e+02
1.794507769489295868e+02
1.794507769489295868e+02
1.794507769489295868e+02
8.095618173081140867e+01
7.368990130907860703e+01
7.368990130907860703e+01
6.812239704183562594e+01
1.746964835953924080e+02
1.746964835953924080e+02
1.746964835953924080e+02
1.746964835953924080e+02
5.661408897559757492e+01
5.661408897559757492e+01
5.173219830732484326e+01
4.813802719344291603e+01
1.711667271139201318e+02
1.711667271139201318e+02
1.711667271139201318e+02
1.711667271139201318e+02
3.508557355561416813e+01
3.508557355561416813e+01
3.403921540794895861e+01
3.168002638414501959e+01
1.750971880235001947e+02
1.750971880235001947e+02
1.750971880235001947e+02
1.750971880235001947e+02
1.772249538617878670e+02
1.772249538617878670e+02
1.772249538617878670e+02
1.772249538617878670e+02
8.620587423206560018e+00
8.631146525294955296e+00
8.631146525294955296e+00
8.631146525294955296e+00
1.306549892675608646e+02
1.593762626959081956e+02
1.640938730513690018e+02
1.640938730513690018e+02
1.796035968687846491e+02
1.796035968687846491e+02
1.796035968687846491e+02
-2.472687075133120516e+01
1.057409139980880468e+02
1.272966067840804953e+02
1.347180932019695092e+02
1.347180932019695092e+02
1.771045358308866753e+02
1.771045358308866753e+02
1.771045358308866753e+02
1.771045358308866753e+02
8.678197912195460617e+01
9.707123223183126015e+01
1.069753402904690631e+02
1.084195723526369335e+02
1.758801980467094950e+02
1.758801980467094950e+02
1.758801980467094950e+02
1.758801980467094950e+02
1.942954088996311413e+01
7.796760163489446427e+01
8.106418913097719781e+01
8.454970157457481150e+01
1.748487630492742539e+02
1.748487630492742539e+02
1.748487630492742539e+02
1.748487630492742539e+02
-4.586967072502532439e+00
5.362370889751696978e+01
5.599989954284140481e+01
5.915045793425753828e+01
1.767933538105228877e+02
1.767933538105228877e+02
1.767933538105228877e+02
1.767933538105228877e+02
2.374946693934452924e+01
2.986971077800505014e+01
3.517682131293429393e+01
3.648625213804525913e+01
1.756039626679452965e+02
1.756039626679452965e+02
1.756039626679452965e+02
1.756039626679452965e+02
6.064355231486695530e+00
1.627968704889024565e+01
1.930558496837396376e+01
1.940526313376676981e+01
1.792744562685709298e+02
1.792744562685709298e+02
1.792744562685709298e+02
1.792744562685709298e+02
7.801447899182769596e+00
8.074139164896770637e+00
8.074139164896770637e+00
8.074139164896770637e+00
1.695276212034521848e+02
1.715148143291901874e+02
1.725292048778166532e+02
1.725292048778166532e+02
1.651177342861746524e+02
1.651177342861746524e+02
1.647763229267419547e+02
1.571352474017816405e+02
-1.923259127438735661e+01
1.485215011673865035e+02
1.488808474811141878e+02
1.488808474811141878e+02
1.358192448959438252e+02
1.358192448959438252e+02
1.333910789102497176e+02
1.197811576502215729e+02
-5.370512186916914743e+01
1.661207203597268744e+02
1.661207203597268744e+02
1.661207203597268744e+02
1.094730039082645163e+02
1.094730039082645163e+02
1.051397538697383851e+02
9.013750047813081778e+01
1.686255716026134621e+02
1.686255716026134621e+02
1.686255716026134621e+02
1.686255716026134621e+02
8.537076851474024863e+01
8.537076851474024863e+01
7.707509156527061123e+01
6.586845759084465612e+01
1.780961714481265403e+02
1.780961714481265403e+02
1.780961714481265403e+02
1.780961714481265403e+02
6.059785026405975827e+01
6.059785026405975827e+01
5.458167888934665513e+01
4.740281518599671529e+01
1.730880654274003518e+02
1.730880654274003518e+02
1.730880654274003518e+02
1.730880654274003518e+02
3.834580008390870631e+01
3.834580008390870631e+01
3.658319183589965462e+01
3.294265295412120764e+01
1.747992602450598554e+02
1.747992602450598554e+02
1.747992602450598554e+02
1.747992602450598554e+02
1.787351309493118947e+02
1.787351309493118947e+02
1.787351309493118947e+02
1.787351309493118947e+02
1.778270782940006143e+02
1.778270782940006143e+02
1.778270782940006143e+02
1.748956483977440968e+01
1.385092631257549840e+02
1.591375314264118970e+02
1.688183321766940992e+02
1.688183321766940992e+02
1.798409557183786092e+02
1.798409557183786092e+02
1.798409557183786092e+02
-1.931455432440020559e+01
1.091965207284126649e+02
1.326050864523303687e+02
1.396356159829780381e+02
1.396356159829780381e+02
1.799583951266933752e+02
1.799583951266933752e+02
1.799583951266933752e+02
1.799583951266933752e+02
4.384828434630988170e+01
1.114978401539982116e+02
1.114978401539982116e+02
1.129050115556017744e+02
1.797292970041491742e+02
1.797292970041491742e+02
1.797292970041491742e+02
1.797292970041491742e+02
2.054055847051985495e+01
8.479841046840952856e+01
8.479841046840952856e+01
8.840652359677307004e+01
1.782492349672546084e+02
1.782492349672546084e+02
1.782492349672546084e+02
1.782492349672546084e+02
5.119273775894502165e+01
5.741121280901950286e+01
6.334428247184489891e+01
6.334428247184489891e+01
1.797754580691467368e+02
1.797754580691467368e+02
1.797754580691467368e+02
1.797754580691467368e+02
-1.386867553618296078e+01
3.787665446565289784e+01
4.005239384475005693e+01
4.005239384475005693e+01
1.607598802853685243e+02
1.787913683277228358e+02
1.787913683277228358e+02
1.787913683277228358e+02
-4.820717032231225119e+01
2.128981917158730752e+01
2.175080417066501326e+01
2.195627257920724063e+01
1.602094350364789079e+02
1.782312889100319069e+02
1.782312889100319069e+02
1.782312889100319069e+02
8.980602888831166197e+00
8.980602888831166197e+00
8.980602888831166197e+00
8.980602888831166197e+00
6.664188674348795871e+01
1.716952745813246963e+02
1.765391844417567313e+02
1.765391844417567313e+02
1.699042475647953836e+02
1.699042475647953836e+02
1.682706206433251737e+02
1.652116661373178204e+02
-7.308708385096595705e+00
1.518131943308204939e+02
1.527637048231148071e+02
1.527637048231148071e+02
1.407922736312125380e+02
1.402542763673814932e+02
9.844769787473897793e+01
4.265367725791939080e+01
-4.897778733319512412e+01
1.658894877510948618e+02
1.658894877510948618e+02
1.658894877510948618e+02
1.133900639899851654e+02
1.133900639899851654e+02
1.082318446208990252e+02
1.056765998610089810e+02
-7.581582197376292243e+01
1.717460246001694770e+02
1.717460246001694770e+02
1.717460246001694770e+02
8.914889768907045209e+01
8.282862827352977320e+01
8.282862827352977320e+01
7.608730959215525047e+01
1.664799249656569771e+02
1.664799249656569771e+02
1.664799249656569771e+02
1.664799249656569771e+02
6.467471247312920468e+01
5.914073115847605067e+01
5.914073115847605067e+01
5.743756087644440811e+01
1.766043275783626996e+02
1.766043275783626996e+02
1.766043275783626996e+02
1.766043275783626996e+02
4.164947565349796577e+01
4.164947565349796577e+01
3.970516919318269089e+01
-1.710967546131370298e+01
1.755806036113847028e+02
1.755806036113847028e+02
1.755806036113847028e+02
1.755806036113847028e+02
2.633815420202549262e+01
3.352113738912110819e+01
3.352113738912110819e+01
3.352113738912110819e+01
-1.588646249418047773e+02
1.759249548485503283e+02
1.759249548485503283e+02
1.759249548485503283e+02
7.097016218311354407e+01
1.735878575274644788e+02
1.738540050336959553e+02
1.738540050336959553e+02
1.799155223864011646e+02
1.799155223864011646e+02
1.799155223864011646e+02
-1.381091114862749691e+01
5.734459742209593003e+01
1.429644974085934734e+02
1.446195854774797454e+02
1.446195854774797454e+02
1.795550778479237408e+02
1.795550778479237408e+02
1.795550778479237408e+02
-4.519234542371196994e+01
4.783796920585260182e+01
1.153813620120478021e+02
1.167919304218828103e+02
1.167919304218828103e+02
1.773970433558869217e+02
1.773970433558869217e+02
1.773970433558869217e+02
1.773970433558869217e+02
2.447287577885772336e+01
8.845700970901521032e+01
8.845700970901521032e+01
9.217962731399896370e+01
1.747001648138564747e+02
1.747001648138564747e+02
1.747001648138564747e+02
1.747001648138564747e+02
1.304006256781939221e+01
6.340784678324212109e+01
6.340784678324212109e+01
6.766003709398214028e+01
1.764288507415578238e+02
1.764288507415578238e+02
1.764288507415578238e+02
1.764288507415578238e+02
-1.087108202622130548e+01
4.102549847179965781e+01
4.353901262623141122e+01
4.353901262623141122e+01
1.642341592752528356e+02
1.767969031734172063e+02
1.767969031734172063e+02
1.767969031734172063e+02
1.759880740962068657e+01
2.296911962454382916e+01
2.427494795744583200e+01
2.467590798403185559e+01
1.365620755074875774e+02
1.786868300313159068e+02
1.786868300313159068e+02
1.786868300313159068e+02
9.730635371388400401e+00
1.037777561956191086e+01
1.062858397845959502e+01
1.062858397845959502e+01
7.325188295702423602e+01
1.721597956059027581e+02
1.799257162890556572e+02
1.799257162890556572e+02
1.749546051019781601e+02
1.749546051019781601e+02
1.733352559965172475e+02
1.707321433396838870e+02
9.596838427155441664e+00
1.550822733338049488e+02
1.567579383750087914e+02
1.567579383750087914e+02
1.453675847481201231e+02
1.443148065708596732e+02
1.443148065708596732e+02
1.366767596932621416e+02
-4.397290393108801254e+01
1.776720378949216297e+02
1.776720378949216297e+02
1.776720378949216297e+02
1.180287789347754739e+02
1.145555691189590135e+02
1.145555691189590135e+02
1.086899177538427210e+02
-7.138856995967563535e+01
1.743975963041567354e+02
1.743975963041567354e+02
1.743975963041567354e+02
9.364634149580902545e+01
8.875519719855446965e+01
4.751009136979016745e+01
1.819689847981590347e+01
1.701788644465444236e+02
1.701788644465444236e+02
1.701788644465444236e+02
1.701788644465444236e+02
6.883545130276634438e+01
6.220550217212221611e+01
6.220550217212221611e+01
5.670882494437029209e+01
1.791270864394518298e+02
1.791270864394518298e+02
1.791270864394518298e+02
1.791270864394518298e+02
4.530483551903974160e+01
4.530483551903974160e+01
4.228899715932904968e+01
3.783107973603441110e+01
1.773578746272053763e+02
1.773578746272053763e+02
1.773578746272053763e+02
1.773578746272053763e+02
2.715219557521059457e+01
2.715219557521059457e+01
2.715219557521059457e+01
2.713352024685484309e+01
1.681150424430236399e+02
1.681150424430236399e+02
1.681150424430236399e+02
6.017102684750720698e+01
4.524337990259704867e+01
1.786352270840208689e+02
1.788434376118669320e+02
1.788434376118669320e+02
-9.987933022142220452e+00
-8.349380544857494257e+00
-8.192796077412438649e+00
-8.192796077412438649e+00
1.427432863548104649e+02
1.481311233043522293e+02
1.491697045163184612e+02
1.491697045163184612e+02
1.792944118630173023e+02
1.792944118630173023e+02
1.792944118630173023e+02
1.792944118630173023e+02
9.960418394681190080e+01
